{
 "cells": [
  {
   "cell_type": "markdown",
   "metadata": {},
   "source": [
    "# Module import and function defination"
   ]
  },
  {
   "cell_type": "code",
   "execution_count": 197,
   "metadata": {
    "code_folding": [
     7,
     31,
     105,
     168,
     177,
     179,
     188,
     204
    ]
   },
   "outputs": [],
   "source": [
    "import numpy as np\n",
    "from scipy import linalg\n",
    "import matplotlib.pyplot as plt\n",
    "import pandas as pd\n",
    "from scipy.constants import h,e\n",
    "import transmonCPW\n",
    "\n",
    "def update_mutual_capacitance(Maxwell_cap_matrix,conductor1_index, conductor2_index, new_cap):\n",
    "    \"\"\"\n",
    "    Args:\n",
    "        Maxwell_cap_matrix: Maxwell capacitance matrix from Q3D\n",
    "        conductor1_index : index of conductor 1\n",
    "        conductor2_index : index of conductor 2\n",
    "        new_cap : new capacitance for replacement\n",
    "    Return:\n",
    "        Updated Maxwell capacitance matrix\n",
    "    \"\"\"\n",
    "    \n",
    "    if conductor1_index == conductor2_index:\n",
    "        raise('Error. First and second conductor index must be different!')\n",
    "    \n",
    "    M = np.copy(Maxwell_cap_matrix)\n",
    "    \n",
    "    M[conductor1_index, conductor1_index] = M[conductor1_index, conductor1_index] + M[conductor1_index, conductor2_index] + new_cap\n",
    "    M[conductor2_index, conductor2_index] = M[conductor2_index, conductor2_index] + M[conductor2_index, conductor1_index] + new_cap\n",
    "    \n",
    "    M[conductor1_index, conductor2_index] = -new_cap\n",
    "    M[conductor2_index, conductor1_index] = -new_cap\n",
    "        \n",
    "    return M\n",
    "\n",
    "def calculate_qubit_2bus_1read_equiv_cap(C_M, index):\n",
    "    \"\"\"\n",
    "    Calculate effective shunt and coupling capacitances.\n",
    "    Arg:\n",
    "        C_M : ndarray, Maxewll capacitance matrix\n",
    "        index : dict,  index of each conductor in C_M, starting from 0\n",
    "    Return:\n",
    "        1D numpy array of C_bus1, C_bus2, C_shunt, C_sigam, beta_bus1, beta_bus2 and beta_read.\n",
    "    \"\"\"\n",
    "    index_bus1 = index['bus1']\n",
    "    index_bus2 = index['bus2']\n",
    "    index_gnd = index['gnd']\n",
    "    index_island1 = index['island1']\n",
    "    index_island2 = index['island2']\n",
    "    index_read = index['read']\n",
    "    \n",
    "    NUM_CONDUCTOR = C_M.shape[0]\n",
    "    \n",
    "    # find beta_bus1, beta_bus2 and beta_readout\n",
    "    #, where beta_bus1 = C_bus1/C_sigma \n",
    "    # and C_sigma = C_bus1 + C_bus2 + C_read + C_shunt\n",
    "\n",
    "    C_M_1 = np.zeros((NUM_CONDUCTOR, NUM_CONDUCTOR))\n",
    "    C_M_1[:, index_island1] = C_M[:, index_island1]\n",
    "    C_M_1[:, index_island2] = C_M[:, index_island2]\n",
    "    C_M_1[index_bus1, index_bus1] = -1\n",
    "    C_M_1[index_bus2, index_bus2] = -1\n",
    "    C_M_1[index_gnd, index_gnd] = -1\n",
    "    C_M_1[index_read, index_read] = -1\n",
    "\n",
    "    b1 = np.linalg.solve(C_M_1, -C_M[:, index_bus1])\n",
    "    beta_bus1 = b1[index_island1] - b1[index_island2]\n",
    "\n",
    "    b2 = np.linalg.solve(C_M_1, -C_M[:, index_bus2])\n",
    "    beta_bus2 = b2[index_island1] - b2[index_island2]\n",
    "    \n",
    "    r = np.linalg.solve(C_M_1, -C_M[:, index_read])\n",
    "    beta_read = r[index_island1] - r[index_island2]\n",
    "    \n",
    "    # Find C_sigma\n",
    "    # V_island1 - V_island2 = 1, Eq.1\n",
    "    # Q_island1 + Q_island2 = 0, Eq.2\n",
    "    # From Eq1 and Eq2, find V_island1 and V_island2 \n",
    "\n",
    "    A = np.array([[1, -1],\n",
    "                 [C_M[index_island1, index_island1]+C_M[index_island2, index_island1]\n",
    "                  , C_M[index_island1, index_island2]+C_M[index_island2, index_island2]]])\n",
    "\n",
    "    b = np.array([[1]\n",
    "                  ,[0]])\n",
    "    V = np.linalg.solve(A, b)  # A*V = b, solve for V[0]=V_island1, V[1]=V_island2\n",
    "\n",
    "    V0 = np.zeros(NUM_CONDUCTOR)\n",
    "    V0[index_island1] = V[0]\n",
    "    V0[index_island2] = V[1]\n",
    "\n",
    "    Q = C_M.dot(V0)\n",
    "    C_sigma = np.dot(Q, V0)\n",
    "      \n",
    "    # find C_bus1, C_bus2, C_read and C_shunt\n",
    "    A = np.array([[beta_bus1-1, beta_bus1, beta_bus1, beta_bus1]\n",
    "                  ,[beta_bus2, beta_bus2-1, beta_bus2, beta_bus2]\n",
    "                ,[beta_read, beta_read, beta_read-1, beta_read]  \n",
    "                ,[1, 1, 1, 1]])\n",
    "    b = np.array([[0]\n",
    "                  ,[0]\n",
    "                  ,[0]\n",
    "                 ,[C_sigma]])\n",
    "    c = np.linalg.solve(A, b)\n",
    "    \n",
    "    out = np.append(c, np.array([C_sigma, beta_bus1, beta_bus2, beta_read]))\n",
    "    \n",
    "    return out\n",
    "\n",
    "def calculate_qubit_1bus_1read_equiv_cap(C_M, index):\n",
    "    \"\"\"\n",
    "    Calculate effective shunt and coupling capacitances.\n",
    "    Arg:\n",
    "        C_M : ndarray, Maxewll capacitance matrix\n",
    "        index : dict, index of each conductor in C_M, starting from 0\n",
    "    Return:\n",
    "        1D numpy array of C_bus1, C_shunt, C_sigam, beta_bus1, and beta_read.\n",
    "    \"\"\"\n",
    "    index_bus1 = index['bus1']\n",
    "    index_gnd = index['gnd']\n",
    "    index_island1 = index['island1']\n",
    "    index_island2 = index['island2']\n",
    "    index_read = index['read']\n",
    "    \n",
    "    NUM_CONDUCTOR = C_M.shape[0]\n",
    "    \n",
    "    C_M_1 = np.zeros((NUM_CONDUCTOR, NUM_CONDUCTOR))\n",
    "    C_M_1[:, index_island1] = C_M[:, index_island1]\n",
    "    C_M_1[:, index_island2] = C_M[:, index_island2]\n",
    "    C_M_1[index_bus1, index_bus1] = -1\n",
    "    C_M_1[index_gnd, index_gnd] = -1\n",
    "    C_M_1[index_read, index_read] = -1\n",
    "\n",
    "    b1 = np.linalg.solve(C_M_1, -C_M[:, index_bus1])\n",
    "    beta_bus1 = b1[index_island1] - b1[index_island2]\n",
    "\n",
    "    r = np.linalg.solve(C_M_1, -C_M[:, index_read])\n",
    "    beta_read = r[index_island1] - r[index_island2]\n",
    "    \n",
    "    # Find C_sigma\n",
    "    # V_island1 - V_island2 = 1, Eq.1\n",
    "    # Q_island1 + Q_island2 = 0, Eq.2\n",
    "    # From Eq1 and Eq2, find V_island1 and V_island2 \n",
    "\n",
    "    A = np.array([[1, -1],\n",
    "                 [C_M[index_island1, index_island1]+C_M[index_island2, index_island1]\n",
    "                  , C_M[index_island1, index_island2]+C_M[index_island2, index_island2]]])\n",
    "\n",
    "    b = np.array([[1]\n",
    "                  ,[0]])\n",
    "    V = np.linalg.solve(A, b)  # A*V = b, solve for V[0]=V_island1, V[1]=V_island2\n",
    "\n",
    "    V0 = np.zeros(NUM_CONDUCTOR)\n",
    "    V0[index_island1] = V[0]\n",
    "    V0[index_island2] = V[1]\n",
    "\n",
    "    Q = C_M.dot(V0)\n",
    "    C_sigma = np.dot(Q, V0)\n",
    "        \n",
    "    # find C_bus1, C_read and C_shunt\n",
    "    A = np.array([[beta_bus1-1, beta_bus1, beta_bus1]\n",
    "                ,[beta_read,  beta_read-1, beta_read]  \n",
    "                ,[1, 1, 1]])\n",
    "    b = np.array([[0]\n",
    "                  ,[0]\n",
    "                 ,[C_sigma]])\n",
    "    c = np.linalg.solve(A, b)\n",
    "        \n",
    "    out = np.append(c, np.array([C_sigma, beta_bus1, beta_read]))\n",
    "    \n",
    "    return out\n",
    "\n",
    "def print_result_1bus_1read(c):\n",
    "    c = np.ndarray.flatten(c)\n",
    "    print(f'C_bus1 = {c[0]:.3f} fF\\n' \n",
    "         + f'C_read = {c[1]:.3f} fF\\n'\n",
    "         + f'C_shunt = {c[2]:.3f} fF\\n'\n",
    "         + f'C_sigma = {c[3]:.3f} fF\\n'\n",
    "         + f'beta_bus1 = {c[4]:.3f}\\n'\n",
    "         + f'beta_read = {c[5]:.3f}')\n",
    "    \n",
    "def print_result_2bus_1read(c):\n",
    "    c = np.ndarray.flatten(c)\n",
    "    print(f'C_bus1 = {c[0]:.3f} fF\\n' \n",
    "         + f'C_bus2 = {c[1]:.3f} fF\\n' \n",
    "         + f'C_read = {c[2]:.3f} fF\\n'\n",
    "         + f'C_shunt = {c[3]:.3f} fF\\n'\n",
    "         + f'C_sigma = {c[4]:.3f} fF\\n'\n",
    "         + f'beta_bus1 = {c[5]:.3f}\\n'\n",
    "         + f'beta_bus2 = {c[6]:.3f}\\n'\n",
    "         + f'beta_read = {c[7]:.3f}')\n",
    "\n",
    "def read_capacitance_matrix_csv_to_numpy(filepath, num_conductor, display_df=True):\n",
    "    \"\"\"\n",
    "    Read Q3D capacitance matrix in cvs form and output it in numpy array. \n",
    "    Args:\n",
    "        filepath : Str, full file path\n",
    "        num_conductor: int, number of conductors\n",
    "        display_df: boolean, disply dataframe or not\n",
    "    \"\"\"\n",
    "    \n",
    "    df = pd.read_csv(filepath, header=6, nrows=num_conductor, index_col=0, usecols=range(num_conductor+1))\n",
    "    if display_df:\n",
    "        display(df)\n",
    "    C_M = df.to_numpy()\n",
    "  \n",
    "    return C_M\n",
    "\n",
    "def get_Ec_GHz_from_cap_fF(cap):\n",
    "    return e**2/2/cap/1e-15/h/1e9"
   ]
  },
  {
   "cell_type": "markdown",
   "metadata": {},
   "source": [
    "# ZZ gate, qubit "
   ]
  },
  {
   "cell_type": "code",
   "execution_count": 161,
   "metadata": {
    "code_folding": []
   },
   "outputs": [],
   "source": [
    "# index dictionary of conductors in input Maxwell capacitance matrix\n",
    "conductor_index = { 'gnd' : 1\n",
    "                   , 'island1' : 2\n",
    "                   , 'island2' : 3\n",
    "                   , 'bus1' : 0\n",
    "                   , 'read' : 4\n",
    "                  }"
   ]
  },
  {
   "cell_type": "code",
   "execution_count": 74,
   "metadata": {},
   "outputs": [
    {
     "data": {
      "text/html": [
       "<div>\n",
       "<style scoped>\n",
       "    .dataframe tbody tr th:only-of-type {\n",
       "        vertical-align: middle;\n",
       "    }\n",
       "\n",
       "    .dataframe tbody tr th {\n",
       "        vertical-align: top;\n",
       "    }\n",
       "\n",
       "    .dataframe thead th {\n",
       "        text-align: right;\n",
       "    }\n",
       "</style>\n",
       "<table border=\"1\" class=\"dataframe\">\n",
       "  <thead>\n",
       "    <tr style=\"text-align: right;\">\n",
       "      <th></th>\n",
       "      <th>bus</th>\n",
       "      <th>gnd</th>\n",
       "      <th>island1</th>\n",
       "      <th>island2</th>\n",
       "      <th>read</th>\n",
       "    </tr>\n",
       "  </thead>\n",
       "  <tbody>\n",
       "    <tr>\n",
       "      <th>bus</th>\n",
       "      <td>158.77860</td>\n",
       "      <td>-97.66067</td>\n",
       "      <td>-2.39180</td>\n",
       "      <td>-57.64469</td>\n",
       "      <td>-0.25352</td>\n",
       "    </tr>\n",
       "    <tr>\n",
       "      <th>gnd</th>\n",
       "      <td>-97.66067</td>\n",
       "      <td>344.81040</td>\n",
       "      <td>-41.88761</td>\n",
       "      <td>-48.54764</td>\n",
       "      <td>-83.19365</td>\n",
       "    </tr>\n",
       "    <tr>\n",
       "      <th>island1</th>\n",
       "      <td>-2.39180</td>\n",
       "      <td>-41.88761</td>\n",
       "      <td>71.05150</td>\n",
       "      <td>-17.08321</td>\n",
       "      <td>-8.46331</td>\n",
       "    </tr>\n",
       "    <tr>\n",
       "      <th>island2</th>\n",
       "      <td>-57.64469</td>\n",
       "      <td>-48.54764</td>\n",
       "      <td>-17.08321</td>\n",
       "      <td>125.56610</td>\n",
       "      <td>-0.97516</td>\n",
       "    </tr>\n",
       "    <tr>\n",
       "      <th>read</th>\n",
       "      <td>-0.25352</td>\n",
       "      <td>-83.19365</td>\n",
       "      <td>-8.46331</td>\n",
       "      <td>-0.97516</td>\n",
       "      <td>93.34146</td>\n",
       "    </tr>\n",
       "  </tbody>\n",
       "</table>\n",
       "</div>"
      ],
      "text/plain": [
       "               bus        gnd   island1    island2      read\n",
       "bus      158.77860  -97.66067  -2.39180  -57.64469  -0.25352\n",
       "gnd      -97.66067  344.81040 -41.88761  -48.54764 -83.19365\n",
       "island1   -2.39180  -41.88761  71.05150  -17.08321  -8.46331\n",
       "island2  -57.64469  -48.54764 -17.08321  125.56610  -0.97516\n",
       "read      -0.25352  -83.19365  -8.46331   -0.97516  93.34146"
      ]
     },
     "metadata": {},
     "output_type": "display_data"
    },
    {
     "name": "stdout",
     "output_type": "stream",
     "text": [
      "C_bus1 = -17.553 fF\n",
      "C_read = 5.328 fF\n",
      "C_shunt = 65.348 fF\n",
      "C_sigma = 53.123 fF\n",
      "beta_bus1 = -0.330\n",
      "beta_read = 0.100\n",
      "Ec = 0.36463278092306656 GHz\n"
     ]
    }
   ],
   "source": [
    "filepath = r'Z:/User/Jaseung/projects/ZZgate/Q3D/ZZgate_QubitPadC_Q3D.csv'\n",
    "CSFQ = read_capacitance_matrix_csv_to_numpy(filepath, 5, display_df=True)\n",
    "\n",
    "result = calculate_qubit_1bus_1read_equiv_cap(CSFQ, conductor_index)\n",
    "print_result_1bus_1read(result)\n",
    "print(f'Ec = {e**2/2/result[3]/1e-15/h/1e9} GHz')"
   ]
  },
  {
   "cell_type": "code",
   "execution_count": 171,
   "metadata": {},
   "outputs": [
    {
     "data": {
      "text/html": [
       "<div>\n",
       "<style scoped>\n",
       "    .dataframe tbody tr th:only-of-type {\n",
       "        vertical-align: middle;\n",
       "    }\n",
       "\n",
       "    .dataframe tbody tr th {\n",
       "        vertical-align: top;\n",
       "    }\n",
       "\n",
       "    .dataframe thead th {\n",
       "        text-align: right;\n",
       "    }\n",
       "</style>\n",
       "<table border=\"1\" class=\"dataframe\">\n",
       "  <thead>\n",
       "    <tr style=\"text-align: right;\">\n",
       "      <th></th>\n",
       "      <th>bus</th>\n",
       "      <th>gnd</th>\n",
       "      <th>island1</th>\n",
       "      <th>island2</th>\n",
       "      <th>read</th>\n",
       "    </tr>\n",
       "  </thead>\n",
       "  <tbody>\n",
       "    <tr>\n",
       "      <th>bus</th>\n",
       "      <td>133.78190</td>\n",
       "      <td>-92.38573</td>\n",
       "      <td>-1.94789</td>\n",
       "      <td>-38.55561</td>\n",
       "      <td>-0.20832</td>\n",
       "    </tr>\n",
       "    <tr>\n",
       "      <th>gnd</th>\n",
       "      <td>-92.38573</td>\n",
       "      <td>331.49750</td>\n",
       "      <td>-43.49309</td>\n",
       "      <td>-47.30495</td>\n",
       "      <td>-74.34755</td>\n",
       "    </tr>\n",
       "    <tr>\n",
       "      <th>island1</th>\n",
       "      <td>-1.94789</td>\n",
       "      <td>-43.49309</td>\n",
       "      <td>71.62598</td>\n",
       "      <td>-16.54816</td>\n",
       "      <td>-8.40905</td>\n",
       "    </tr>\n",
       "    <tr>\n",
       "      <th>island2</th>\n",
       "      <td>-38.55561</td>\n",
       "      <td>-47.30495</td>\n",
       "      <td>-16.54816</td>\n",
       "      <td>104.64300</td>\n",
       "      <td>-0.94813</td>\n",
       "    </tr>\n",
       "    <tr>\n",
       "      <th>read</th>\n",
       "      <td>-0.20832</td>\n",
       "      <td>-74.34755</td>\n",
       "      <td>-8.40905</td>\n",
       "      <td>-0.94813</td>\n",
       "      <td>84.33580</td>\n",
       "    </tr>\n",
       "  </tbody>\n",
       "</table>\n",
       "</div>"
      ],
      "text/plain": [
       "               bus        gnd   island1    island2      read\n",
       "bus      133.78190  -92.38573  -1.94789  -38.55561  -0.20832\n",
       "gnd      -92.38573  331.49750 -43.49309  -47.30495 -74.34755\n",
       "island1   -1.94789  -43.49309  71.62598  -16.54816  -8.40905\n",
       "island2  -38.55561  -47.30495 -16.54816  104.64300  -0.94813\n",
       "read      -0.20832  -74.34755  -8.40905   -0.94813  84.33580"
      ]
     },
     "metadata": {},
     "output_type": "display_data"
    },
    {
     "name": "stdout",
     "output_type": "stream",
     "text": [
      "C_bus1 = -13.634 fF\n",
      "C_read = 4.809 fF\n",
      "C_shunt = 59.262 fF\n",
      "C_sigma = 50.438 fF\n",
      "beta_bus1 = -0.270\n",
      "beta_read = 0.095\n",
      "Ec = 0.3840418179292488 GHz\n"
     ]
    }
   ],
   "source": [
    "filepath = r'Z:/User/Jaseung/projects/ZZgate/Q3D/ZZgate_QubitPadT_Q3D.csv'\n",
    "transmon = read_capacitance_matrix_csv_to_numpy(filepath, 5, display_df=True)\n",
    "\n",
    "result = calculate_qubit_1bus_1read_equiv_cap(transmon, conductor_index)\n",
    "print_result_1bus_1read(result)\n",
    "print(f'Ec = {e**2/2/result[3]/1e-15/h/1e9} GHz')"
   ]
  },
  {
   "cell_type": "code",
   "execution_count": 253,
   "metadata": {},
   "outputs": [
    {
     "data": {
      "text/html": [
       "<div>\n",
       "<style scoped>\n",
       "    .dataframe tbody tr th:only-of-type {\n",
       "        vertical-align: middle;\n",
       "    }\n",
       "\n",
       "    .dataframe tbody tr th {\n",
       "        vertical-align: top;\n",
       "    }\n",
       "\n",
       "    .dataframe thead th {\n",
       "        text-align: right;\n",
       "    }\n",
       "</style>\n",
       "<table border=\"1\" class=\"dataframe\">\n",
       "  <thead>\n",
       "    <tr style=\"text-align: right;\">\n",
       "      <th></th>\n",
       "      <th>bus</th>\n",
       "      <th>gnd</th>\n",
       "      <th>island1</th>\n",
       "      <th>island2</th>\n",
       "      <th>read</th>\n",
       "    </tr>\n",
       "  </thead>\n",
       "  <tbody>\n",
       "    <tr>\n",
       "      <th>bus</th>\n",
       "      <td>121.05030</td>\n",
       "      <td>-83.51384</td>\n",
       "      <td>-2.17964</td>\n",
       "      <td>-34.36814</td>\n",
       "      <td>-0.13098</td>\n",
       "    </tr>\n",
       "    <tr>\n",
       "      <th>gnd</th>\n",
       "      <td>-83.51384</td>\n",
       "      <td>348.45120</td>\n",
       "      <td>-63.86928</td>\n",
       "      <td>-56.00028</td>\n",
       "      <td>-72.96077</td>\n",
       "    </tr>\n",
       "    <tr>\n",
       "      <th>island1</th>\n",
       "      <td>-2.17964</td>\n",
       "      <td>-63.86928</td>\n",
       "      <td>103.10760</td>\n",
       "      <td>-26.38928</td>\n",
       "      <td>-8.46271</td>\n",
       "    </tr>\n",
       "    <tr>\n",
       "      <th>island2</th>\n",
       "      <td>-34.36814</td>\n",
       "      <td>-56.00028</td>\n",
       "      <td>-26.38928</td>\n",
       "      <td>119.45440</td>\n",
       "      <td>-0.72889</td>\n",
       "    </tr>\n",
       "    <tr>\n",
       "      <th>read</th>\n",
       "      <td>-0.13098</td>\n",
       "      <td>-72.96077</td>\n",
       "      <td>-8.46271</td>\n",
       "      <td>-0.72889</td>\n",
       "      <td>82.71109</td>\n",
       "    </tr>\n",
       "  </tbody>\n",
       "</table>\n",
       "</div>"
      ],
      "text/plain": [
       "               bus        gnd    island1    island2      read\n",
       "bus      121.05030  -83.51384   -2.17964  -34.36814  -0.13098\n",
       "gnd      -83.51384  348.45120  -63.86928  -56.00028 -72.96077\n",
       "island1   -2.17964  -63.86928  103.10760  -26.38928  -8.46271\n",
       "island2  -34.36814  -56.00028  -26.38928  119.45440  -0.72889\n",
       "read      -0.13098  -72.96077   -8.46271   -0.72889  82.71109"
      ]
     },
     "metadata": {},
     "output_type": "display_data"
    },
    {
     "name": "stdout",
     "output_type": "stream",
     "text": [
      "C_bus1 = -14.335 fF\n",
      "C_read = 4.309 fF\n",
      "C_shunt = 78.467 fF\n",
      "C_sigma = 68.442 fF\n",
      "beta_bus1 = -0.209\n",
      "beta_read = 0.063\n",
      "Ec = 0.2830180642294425 GHz\n"
     ]
    }
   ],
   "source": [
    "filepath = r'Z:/User/Jaseung/projects/ZZgate/Q3D/ZZgate_Mod7p5_bus350um.csv'\n",
    "bus350um = read_capacitance_matrix_csv_to_numpy(filepath, 5, display_df=True)\n",
    "\n",
    "result = calculate_qubit_1bus_1read_equiv_cap(bus350um, conductor_index)\n",
    "print_result_1bus_1read(result)\n",
    "print(f'Ec = {e**2/2/result[3]/1e-15/h/1e9} GHz')"
   ]
  },
  {
   "cell_type": "code",
   "execution_count": 254,
   "metadata": {},
   "outputs": [
    {
     "data": {
      "text/html": [
       "<div>\n",
       "<style scoped>\n",
       "    .dataframe tbody tr th:only-of-type {\n",
       "        vertical-align: middle;\n",
       "    }\n",
       "\n",
       "    .dataframe tbody tr th {\n",
       "        vertical-align: top;\n",
       "    }\n",
       "\n",
       "    .dataframe thead th {\n",
       "        text-align: right;\n",
       "    }\n",
       "</style>\n",
       "<table border=\"1\" class=\"dataframe\">\n",
       "  <thead>\n",
       "    <tr style=\"text-align: right;\">\n",
       "      <th></th>\n",
       "      <th>bus</th>\n",
       "      <th>gnd</th>\n",
       "      <th>island1</th>\n",
       "      <th>island2</th>\n",
       "      <th>read</th>\n",
       "    </tr>\n",
       "  </thead>\n",
       "  <tbody>\n",
       "    <tr>\n",
       "      <th>bus</th>\n",
       "      <td>183.33960</td>\n",
       "      <td>-128.05210</td>\n",
       "      <td>-5.47775</td>\n",
       "      <td>-47.76669</td>\n",
       "      <td>-0.28035</td>\n",
       "    </tr>\n",
       "    <tr>\n",
       "      <th>gnd</th>\n",
       "      <td>-128.05210</td>\n",
       "      <td>373.83790</td>\n",
       "      <td>-67.95404</td>\n",
       "      <td>-32.56430</td>\n",
       "      <td>-73.65653</td>\n",
       "    </tr>\n",
       "    <tr>\n",
       "      <th>island1</th>\n",
       "      <td>-5.47775</td>\n",
       "      <td>-67.95404</td>\n",
       "      <td>98.13900</td>\n",
       "      <td>-13.72449</td>\n",
       "      <td>-8.61106</td>\n",
       "    </tr>\n",
       "    <tr>\n",
       "      <th>island2</th>\n",
       "      <td>-47.76669</td>\n",
       "      <td>-32.56430</td>\n",
       "      <td>-13.72449</td>\n",
       "      <td>95.69699</td>\n",
       "      <td>-0.43286</td>\n",
       "    </tr>\n",
       "    <tr>\n",
       "      <th>read</th>\n",
       "      <td>-0.28035</td>\n",
       "      <td>-73.65653</td>\n",
       "      <td>-8.61106</td>\n",
       "      <td>-0.43286</td>\n",
       "      <td>83.41221</td>\n",
       "    </tr>\n",
       "  </tbody>\n",
       "</table>\n",
       "</div>"
      ],
      "text/plain": [
       "               bus        gnd   island1   island2      read\n",
       "bus      183.33960 -128.05210  -5.47775 -47.76669  -0.28035\n",
       "gnd     -128.05210  373.83790 -67.95404 -32.56430 -73.65653\n",
       "island1   -5.47775  -67.95404  98.13900 -13.72449  -8.61106\n",
       "island2  -47.76669  -32.56430 -13.72449  95.69699  -0.43286\n",
       "read      -0.28035  -73.65653  -8.61106  -0.43286  83.41221"
      ]
     },
     "metadata": {},
     "output_type": "display_data"
    },
    {
     "name": "stdout",
     "output_type": "stream",
     "text": [
      "C_bus1 = -21.535 fF\n",
      "C_read = 4.023 fF\n",
      "C_shunt = 72.825 fF\n",
      "C_sigma = 55.312 fF\n",
      "beta_bus1 = -0.389\n",
      "beta_read = 0.073\n",
      "Ec = 0.3501976144436483 GHz\n"
     ]
    }
   ],
   "source": [
    "filepath = r'Z:/User/Jaseung/projects/ZZgate/Q3D/ZZgate_Mod7p5_largeG.csv'\n",
    "mod7p5_largeG = read_capacitance_matrix_csv_to_numpy(filepath, 5, display_df=True)\n",
    "\n",
    "result = calculate_qubit_1bus_1read_equiv_cap(mod7p5_largeG, conductor_index)\n",
    "print_result_1bus_1read(result)\n",
    "print(f'Ec = {e**2/2/result[3]/1e-15/h/1e9} GHz')"
   ]
  },
  {
   "cell_type": "code",
   "execution_count": 259,
   "metadata": {},
   "outputs": [
    {
     "data": {
      "text/html": [
       "<div>\n",
       "<style scoped>\n",
       "    .dataframe tbody tr th:only-of-type {\n",
       "        vertical-align: middle;\n",
       "    }\n",
       "\n",
       "    .dataframe tbody tr th {\n",
       "        vertical-align: top;\n",
       "    }\n",
       "\n",
       "    .dataframe thead th {\n",
       "        text-align: right;\n",
       "    }\n",
       "</style>\n",
       "<table border=\"1\" class=\"dataframe\">\n",
       "  <thead>\n",
       "    <tr style=\"text-align: right;\">\n",
       "      <th></th>\n",
       "      <th>bus</th>\n",
       "      <th>gnd</th>\n",
       "      <th>island1</th>\n",
       "      <th>island2</th>\n",
       "      <th>read</th>\n",
       "    </tr>\n",
       "  </thead>\n",
       "  <tbody>\n",
       "    <tr>\n",
       "      <th>bus</th>\n",
       "      <td>242.69930</td>\n",
       "      <td>-150.97040</td>\n",
       "      <td>-22.03286</td>\n",
       "      <td>-66.37392</td>\n",
       "      <td>-0.68677</td>\n",
       "    </tr>\n",
       "    <tr>\n",
       "      <th>gnd</th>\n",
       "      <td>-150.97040</td>\n",
       "      <td>380.68730</td>\n",
       "      <td>-62.83069</td>\n",
       "      <td>-22.04527</td>\n",
       "      <td>-73.55152</td>\n",
       "    </tr>\n",
       "    <tr>\n",
       "      <th>island1</th>\n",
       "      <td>-22.03286</td>\n",
       "      <td>-62.83069</td>\n",
       "      <td>103.38800</td>\n",
       "      <td>-7.86103</td>\n",
       "      <td>-8.49926</td>\n",
       "    </tr>\n",
       "    <tr>\n",
       "      <th>island2</th>\n",
       "      <td>-66.37392</td>\n",
       "      <td>-22.04527</td>\n",
       "      <td>-7.86103</td>\n",
       "      <td>97.33856</td>\n",
       "      <td>-0.25754</td>\n",
       "    </tr>\n",
       "    <tr>\n",
       "      <th>read</th>\n",
       "      <td>-0.68677</td>\n",
       "      <td>-73.55152</td>\n",
       "      <td>-8.49926</td>\n",
       "      <td>-0.25754</td>\n",
       "      <td>83.42281</td>\n",
       "    </tr>\n",
       "  </tbody>\n",
       "</table>\n",
       "</div>"
      ],
      "text/plain": [
       "               bus        gnd    island1   island2      read\n",
       "bus      242.69930 -150.97040  -22.03286 -66.37392  -0.68677\n",
       "gnd     -150.97040  380.68730  -62.83069 -22.04527 -73.55152\n",
       "island1  -22.03286  -62.83069  103.38800  -7.86103  -8.49926\n",
       "island2  -66.37392  -22.04527   -7.86103  97.33856  -0.25754\n",
       "read      -0.68677  -73.55152   -8.49926  -0.25754  83.42281"
      ]
     },
     "metadata": {},
     "output_type": "display_data"
    },
    {
     "name": "stdout",
     "output_type": "stream",
     "text": [
      "C_bus1 = -23.616 fF\n",
      "C_read = 3.978 fF\n",
      "C_shunt = 73.701 fF\n",
      "C_sigma = 54.063 fF\n",
      "beta_bus1 = -0.437\n",
      "beta_read = 0.074\n",
      "Ec = 0.35829191704551716 GHz\n"
     ]
    }
   ],
   "source": [
    "filepath = r'Z:/User/Jaseung/projects/ZZgate/Q3D/ZZgate_Mod7p5_largeG_2.csv'\n",
    "mod7p5_largeG_2 = read_capacitance_matrix_csv_to_numpy(filepath, 5, display_df=True)\n",
    "\n",
    "result = calculate_qubit_1bus_1read_equiv_cap(mod7p5_largeG_2, conductor_index)\n",
    "print_result_1bus_1read(result)\n",
    "print(f'Ec = {e**2/2/result[3]/1e-15/h/1e9} GHz')"
   ]
  },
  {
   "cell_type": "code",
   "execution_count": 282,
   "metadata": {},
   "outputs": [
    {
     "data": {
      "text/html": [
       "<div>\n",
       "<style scoped>\n",
       "    .dataframe tbody tr th:only-of-type {\n",
       "        vertical-align: middle;\n",
       "    }\n",
       "\n",
       "    .dataframe tbody tr th {\n",
       "        vertical-align: top;\n",
       "    }\n",
       "\n",
       "    .dataframe thead th {\n",
       "        text-align: right;\n",
       "    }\n",
       "</style>\n",
       "<table border=\"1\" class=\"dataframe\">\n",
       "  <thead>\n",
       "    <tr style=\"text-align: right;\">\n",
       "      <th></th>\n",
       "      <th>bus</th>\n",
       "      <th>gnd</th>\n",
       "      <th>island1</th>\n",
       "      <th>island2</th>\n",
       "      <th>read</th>\n",
       "    </tr>\n",
       "  </thead>\n",
       "  <tbody>\n",
       "    <tr>\n",
       "      <th>bus</th>\n",
       "      <td>259.58200</td>\n",
       "      <td>-149.61280</td>\n",
       "      <td>-23.03372</td>\n",
       "      <td>-83.67349</td>\n",
       "      <td>-0.68428</td>\n",
       "    </tr>\n",
       "    <tr>\n",
       "      <th>gnd</th>\n",
       "      <td>-149.61280</td>\n",
       "      <td>380.57990</td>\n",
       "      <td>-62.86164</td>\n",
       "      <td>-23.21674</td>\n",
       "      <td>-73.55020</td>\n",
       "    </tr>\n",
       "    <tr>\n",
       "      <th>island1</th>\n",
       "      <td>-23.03372</td>\n",
       "      <td>-62.86164</td>\n",
       "      <td>103.38380</td>\n",
       "      <td>-6.82302</td>\n",
       "      <td>-8.49842</td>\n",
       "    </tr>\n",
       "    <tr>\n",
       "      <th>island2</th>\n",
       "      <td>-83.67349</td>\n",
       "      <td>-23.21674</td>\n",
       "      <td>-6.82302</td>\n",
       "      <td>114.82350</td>\n",
       "      <td>-0.25886</td>\n",
       "    </tr>\n",
       "    <tr>\n",
       "      <th>read</th>\n",
       "      <td>-0.68428</td>\n",
       "      <td>-73.55020</td>\n",
       "      <td>-8.49842</td>\n",
       "      <td>-0.25886</td>\n",
       "      <td>83.41989</td>\n",
       "    </tr>\n",
       "  </tbody>\n",
       "</table>\n",
       "</div>"
      ],
      "text/plain": [
       "               bus        gnd    island1    island2      read\n",
       "bus      259.58200 -149.61280  -23.03372  -83.67349  -0.68428\n",
       "gnd     -149.61280  380.57990  -62.86164  -23.21674 -73.55020\n",
       "island1  -23.03372  -62.86164  103.38380   -6.82302  -8.49842\n",
       "island2  -83.67349  -23.21674   -6.82302  114.82350  -0.25886\n",
       "read      -0.68428  -73.55020   -8.49842   -0.25886  83.41989"
      ]
     },
     "metadata": {},
     "output_type": "display_data"
    },
    {
     "name": "stdout",
     "output_type": "stream",
     "text": [
      "C_bus1 = -27.336 fF\n",
      "C_read = 4.365 fF\n",
      "C_shunt = 80.775 fF\n",
      "C_sigma = 57.803 fF\n",
      "beta_bus1 = -0.473\n",
      "beta_read = 0.076\n",
      "Ec = 0.3351053678525255 GHz\n"
     ]
    }
   ],
   "source": [
    "filepath = r'Z:/User/Jaseung/projects/ZZgate/Q3D/ZZgate_Mod7p5_largeG_3.csv'\n",
    "mod7p5_largeG_3 = read_capacitance_matrix_csv_to_numpy(filepath, 5, display_df=True)\n",
    "\n",
    "result = calculate_qubit_1bus_1read_equiv_cap(mod7p5_largeG_3, conductor_index)\n",
    "print_result_1bus_1read(result)\n",
    "print(f'Ec = {e**2/2/result[3]/1e-15/h/1e9} GHz')"
   ]
  },
  {
   "cell_type": "code",
   "execution_count": 274,
   "metadata": {},
   "outputs": [
    {
     "data": {
      "text/html": [
       "<div>\n",
       "<style scoped>\n",
       "    .dataframe tbody tr th:only-of-type {\n",
       "        vertical-align: middle;\n",
       "    }\n",
       "\n",
       "    .dataframe tbody tr th {\n",
       "        vertical-align: top;\n",
       "    }\n",
       "\n",
       "    .dataframe thead th {\n",
       "        text-align: right;\n",
       "    }\n",
       "</style>\n",
       "<table border=\"1\" class=\"dataframe\">\n",
       "  <thead>\n",
       "    <tr style=\"text-align: right;\">\n",
       "      <th></th>\n",
       "      <th>bus</th>\n",
       "      <th>gnd</th>\n",
       "      <th>island1</th>\n",
       "      <th>island2</th>\n",
       "      <th>read</th>\n",
       "    </tr>\n",
       "  </thead>\n",
       "  <tbody>\n",
       "    <tr>\n",
       "      <th>bus</th>\n",
       "      <td>183.00200</td>\n",
       "      <td>-126.41060</td>\n",
       "      <td>-2.59293</td>\n",
       "      <td>-51.98851</td>\n",
       "      <td>-0.27621</td>\n",
       "    </tr>\n",
       "    <tr>\n",
       "      <th>gnd</th>\n",
       "      <td>-126.41060</td>\n",
       "      <td>372.35190</td>\n",
       "      <td>-48.05055</td>\n",
       "      <td>-52.99280</td>\n",
       "      <td>-73.27376</td>\n",
       "    </tr>\n",
       "    <tr>\n",
       "      <th>island1</th>\n",
       "      <td>-2.59293</td>\n",
       "      <td>-48.05055</td>\n",
       "      <td>75.29654</td>\n",
       "      <td>-15.18587</td>\n",
       "      <td>-7.84231</td>\n",
       "    </tr>\n",
       "    <tr>\n",
       "      <th>island2</th>\n",
       "      <td>-51.98851</td>\n",
       "      <td>-52.99280</td>\n",
       "      <td>-15.18587</td>\n",
       "      <td>123.17360</td>\n",
       "      <td>-0.99644</td>\n",
       "    </tr>\n",
       "    <tr>\n",
       "      <th>read</th>\n",
       "      <td>-0.27621</td>\n",
       "      <td>-73.27376</td>\n",
       "      <td>-7.84231</td>\n",
       "      <td>-0.99644</td>\n",
       "      <td>82.82472</td>\n",
       "    </tr>\n",
       "  </tbody>\n",
       "</table>\n",
       "</div>"
      ],
      "text/plain": [
       "               bus        gnd   island1    island2      read\n",
       "bus      183.00200 -126.41060  -2.59293  -51.98851  -0.27621\n",
       "gnd     -126.41060  372.35190 -48.05055  -52.99280 -73.27376\n",
       "island1   -2.59293  -48.05055  75.29654  -15.18587  -7.84231\n",
       "island2  -51.98851  -52.99280 -15.18587  123.17360  -0.99644\n",
       "read      -0.27621  -73.27376  -7.84231   -0.99644  82.82472"
      ]
     },
     "metadata": {},
     "output_type": "display_data"
    },
    {
     "name": "stdout",
     "output_type": "stream",
     "text": [
      "C_bus1 = -16.925 fF\n",
      "C_read = 4.682 fF\n",
      "C_shunt = 66.045 fF\n",
      "C_sigma = 53.801 fF\n",
      "beta_bus1 = -0.315\n",
      "beta_read = 0.087\n",
      "Ec = 0.36003182982795295 GHz\n"
     ]
    }
   ],
   "source": [
    "filepath = r'Z:/User/Jaseung/projects/ZZgate/Q3D/ZZgate_Mod7p5_largeG_4.csv'\n",
    "CM = read_capacitance_matrix_csv_to_numpy(filepath, 5, display_df=True)\n",
    "\n",
    "result = calculate_qubit_1bus_1read_equiv_cap(CM, conductor_index)\n",
    "print_result_1bus_1read(result)\n",
    "print(f'Ec = {e**2/2/result[3]/1e-15/h/1e9} GHz')"
   ]
  },
  {
   "cell_type": "code",
   "execution_count": 285,
   "metadata": {},
   "outputs": [
    {
     "data": {
      "text/html": [
       "<div>\n",
       "<style scoped>\n",
       "    .dataframe tbody tr th:only-of-type {\n",
       "        vertical-align: middle;\n",
       "    }\n",
       "\n",
       "    .dataframe tbody tr th {\n",
       "        vertical-align: top;\n",
       "    }\n",
       "\n",
       "    .dataframe thead th {\n",
       "        text-align: right;\n",
       "    }\n",
       "</style>\n",
       "<table border=\"1\" class=\"dataframe\">\n",
       "  <thead>\n",
       "    <tr style=\"text-align: right;\">\n",
       "      <th></th>\n",
       "      <th>bus</th>\n",
       "      <th>gnd</th>\n",
       "      <th>island1</th>\n",
       "      <th>island2</th>\n",
       "      <th>read</th>\n",
       "    </tr>\n",
       "  </thead>\n",
       "  <tbody>\n",
       "    <tr>\n",
       "      <th>bus</th>\n",
       "      <td>256.13620</td>\n",
       "      <td>-153.40870</td>\n",
       "      <td>-12.76857</td>\n",
       "      <td>-86.31126</td>\n",
       "      <td>-0.90851</td>\n",
       "    </tr>\n",
       "    <tr>\n",
       "      <th>gnd</th>\n",
       "      <td>-153.40870</td>\n",
       "      <td>374.72120</td>\n",
       "      <td>-47.83652</td>\n",
       "      <td>-28.10257</td>\n",
       "      <td>-73.80664</td>\n",
       "    </tr>\n",
       "    <tr>\n",
       "      <th>island1</th>\n",
       "      <td>-12.76857</td>\n",
       "      <td>-47.83652</td>\n",
       "      <td>75.51451</td>\n",
       "      <td>-5.42510</td>\n",
       "      <td>-7.87152</td>\n",
       "    </tr>\n",
       "    <tr>\n",
       "      <th>island2</th>\n",
       "      <td>-86.31126</td>\n",
       "      <td>-28.10257</td>\n",
       "      <td>-5.42510</td>\n",
       "      <td>121.20690</td>\n",
       "      <td>-0.36809</td>\n",
       "    </tr>\n",
       "    <tr>\n",
       "      <th>read</th>\n",
       "      <td>-0.90851</td>\n",
       "      <td>-73.80664</td>\n",
       "      <td>-7.87152</td>\n",
       "      <td>-0.36809</td>\n",
       "      <td>83.39549</td>\n",
       "    </tr>\n",
       "  </tbody>\n",
       "</table>\n",
       "</div>"
      ],
      "text/plain": [
       "               bus        gnd   island1    island2      read\n",
       "bus      256.13620 -153.40870 -12.76857  -86.31126  -0.90851\n",
       "gnd     -153.40870  374.72120 -47.83652  -28.10257 -73.80664\n",
       "island1  -12.76857  -47.83652  75.51451   -5.42510  -7.87152\n",
       "island2  -86.31126  -28.10257  -5.42510  121.20690  -0.36809\n",
       "read      -0.90851  -73.80664  -7.87152   -0.36809  83.39549"
      ]
     },
     "metadata": {},
     "output_type": "display_data"
    },
    {
     "name": "stdout",
     "output_type": "stream",
     "text": [
      "C_bus1 = -24.593 fF\n",
      "C_read = 4.764 fF\n",
      "C_shunt = 68.913 fF\n",
      "C_sigma = 49.085 fF\n",
      "beta_bus1 = -0.501\n",
      "beta_read = 0.097\n",
      "Ec = 0.3946279939224378 GHz\n"
     ]
    }
   ],
   "source": [
    "filepath = r'Z:/User/Jaseung/projects/ZZgate/Q3D/ZZgate_Mod7p5_largeG_5.csv'\n",
    "CM = read_capacitance_matrix_csv_to_numpy(filepath, 5, display_df=True)\n",
    "\n",
    "result = calculate_qubit_1bus_1read_equiv_cap(CM, conductor_index)\n",
    "print_result_1bus_1read(result)\n",
    "print(f'Ec = {e**2/2/result[3]/1e-15/h/1e9} GHz')"
   ]
  },
  {
   "cell_type": "code",
   "execution_count": 301,
   "metadata": {},
   "outputs": [
    {
     "name": "stdout",
     "output_type": "stream",
     "text": [
      "C_bus1 = -28.539 fF\n",
      "C_read = 4.419 fF\n",
      "C_shunt = 86.785 fF\n",
      "C_sigma = 62.665 fF\n",
      "beta_bus1 = -0.455\n",
      "beta_read = 0.071\n",
      "Ec = 0.30910735282748575 GHz\n"
     ]
    },
    {
     "data": {
      "text/plain": [
       "array([[ 280.05637, -153.4087 ,  -23.     , -100.     ,   -0.90851],\n",
       "       [-153.4087 ,  356.61863,  -47.83652,  -10.     ,  -73.80664],\n",
       "       [ -23.     ,  -47.83652,   96.32084,  -16.     ,   -7.87152],\n",
       "       [-100.     ,  -10.     ,  -16.     ,  127.36797,   -0.36809],\n",
       "       [  -0.90851,  -73.80664,   -7.87152,   -0.36809,   83.39549]])"
      ]
     },
     "execution_count": 301,
     "metadata": {},
     "output_type": "execute_result"
    }
   ],
   "source": [
    "CM = update_mutual_capacitance(CM, 0, 3, 100)\n",
    "CM = update_mutual_capacitance(CM, 1, 3, 10)\n",
    "CM = update_mutual_capacitance(CM, 2, 3, 16)\n",
    "CM = update_mutual_capacitance(CM, 2, 0, 23)\n",
    "result = calculate_qubit_1bus_1read_equiv_cap(CM,conductor_index)\n",
    "print_result_1bus_1read(result)\n",
    "print(f'Ec = {e**2/2/result[3]/1e-15/h/1e9} GHz')\n",
    "CM"
   ]
  },
  {
   "cell_type": "code",
   "execution_count": null,
   "metadata": {},
   "outputs": [],
   "source": []
  },
  {
   "cell_type": "markdown",
   "metadata": {},
   "source": [
    "# I101 CSFQ, CR paper"
   ]
  },
  {
   "cell_type": "code",
   "execution_count": 49,
   "metadata": {},
   "outputs": [],
   "source": [
    "# index dictionary of conductors in input Maxwell capacitance matrix\n",
    "conductor_index = { 'gnd' : 1\n",
    "                   , 'island1' : 2\n",
    "                   , 'island2' : 3\n",
    "                   , 'bus1' : 0\n",
    "                   , 'read' : 4\n",
    "                  }"
   ]
  },
  {
   "cell_type": "code",
